# 10 20
2.681040e+01 1.762443e+01 2.224573e+01 2.825774e+01 2.829362e+01 3.970362e+01 3.092838e+01 1.768221e+01 2.491845e+01 2.581596e+01 2.312771e+01 2.406896e+01 2.465611e+01 1.753555e+01 9.518743e+00 1.986564e+01 2.592881e+01 2.972189e+01 2.515191e+01 2.851839e+01
2.683309e+01 1.758980e+01 2.223207e+01 2.826838e+01 2.832290e+01 3.948014e+01 3.088243e+01 1.760260e+01 2.498002e+01 2.579699e+01 2.302930e+01 2.407655e+01 2.473308e+01 1.753482e+01 9.517883e+00 1.986692e+01 2.593605e+01 2.975501e+01 2.526077e+01 2.840965e+01
2.684293e+01 1.757459e+01 2.211701e+01 2.833379e+01 2.836059e+01 3.946369e+01 3.099956e+01 1.756169e+01 2.497276e+01 2.579564e+01 2.303677e+01 2.406818e+01 2.472492e+01 1.753507e+01 9.518130e+00 1.987102e+01 2.590664e+01 2.969267e+01 2.521151e+01 2.853904e+01
2.675497e+01 1.754208e+01 2.214563e+01 2.828955e+01 2.834368e+01 3.980529e+01 3.082464e+01 1.764174e+01 2.490318e+01 2.588307e+01 2.308322e+01 2.408650e+01 2.460748e+01 1.753523e+01 9.518839e+00 1.986850e+01 2.598595e+01 2.977187e+01 2.508759e+01 2.849164e+01
2.682856e+01 1.759256e+01 2.229648e+01 2.832606e+01 2.831283e+01 3.957522e+01 3.079495e+01 1.764384e+01 2.497130e+01 2.573774e+01 2.302150e+01 2.410056e+01 2.461031e+01 1.753703e+01 9.519013e+00 1.986449e+01 2.585207e+01 2.977408e+01 2.510956e+01 2.835189e+01
2.676352e+01 1.758817e+01 2.224499e+01 2.834294e+01 2.839224e+01 3.957981e+01 3.082769e+01 1.765802e+01 2.497152e+01 2.569936e+01 2.296635e+01 2.415508e+01 2.470321e+01 1.753558e+01 9.518333e+00 1.986475e+01 2.592868e+01 2.956466e+01 2.512258e+01 2.852367e+01
2.679642e+01 1.760023e+01 2.231453e+01 2.842478e+01 2.823919e+01 3.964647e+01 3.100454e+01 1.765916e+01 2.497840e+01 2.577667e+01 2.296442e+01 2.398294e+01 2.461424e+01 1.753746e+01 9.517851e+00 1.986747e+01 2.584536e+01 2.973059e+01 2.503154e+01 2.842829e+01
2.671338e+01 1.760580e+01 2.227009e+01 2.842776e+01 2.828805e+01 3.950142e+01 3.084570e+01 1.753827e+01 2.496248e+01 2.578199e+01 2.308991e+01 2.408877e+01 2.472377e+01 1.753668e+01 9.517528e+00 1.986952e+01 2.592051e+01 2.957251e+01 2.508624e+01 2.853390e+01
2.678176e+01 1.759833e+01 2.225541e+01 2.844727e+01 2.812875e+01 3.967746e+01 3.077398e+01 1.764104e+01 2.491842e+01 2.586832e+01 2.299726e+01 2.410632e+01 2.470877e+01 1.753667e+01 9.517811e+00 1.986625e+01 2.586814e+01 2.969814e+01 2.511787e+01 2.844743e+01
2.678263e+01 1.758170e+01 2.231886e+01 2.830495e+01 2.830065e+01 3.937663e+01 3.079569e+01 1.756952e+01 2.497368e+01 2.582565e+01 2.307004e+01 2.412644e+01 2.472960e+01 1.753577e+01 9.516545e+00 1.986379e+01 2.591446e+01 2.963349e+01 2.504338e+01 2.860567e+01
